0 : 15
0
0.6371335501368030751670965
0
-0.2137647451764953841785806
0
0.1299787945442160764156431
0
-0.094790961287026840340967
0
0.0759179363221172567995363
0
-0.06461371032590276160070747
0
0.05759391755716792179386401
0
-0.5145343669042667743228857

1 : 27
0
-0.7253563704177205482336451
0
-1.700553054607707243927691
0
-1.253961822095087977682733
0
-1.4441209248671142095246
0
-1.166628305209214102051584
0
-1.21826439769156665530461
0
-0.9776956359890360531077281
0
-0.9671498019947568066844458
0
-0.7462107932005374874967205
0
-0.7093785137793993371351196
0
-0.5106490341996140785171773
0
-0.4711429073081682458699029
0
-0.3006843537328720803208379
0
-0.4999749972462897779632338

2 : 29
0
1.312680175153051075973261
0
0.4432645594757641733527391
0
0.7098004896418132488942197
0
0.4418520761196184377705053
0
0.4843998222074316610180294
0
0.3046492521645073101648484
0
0.2832920842989713631503357
0
0.1640114670715319416955802
0
0.1341038065394747634104789
0
0.06714953088791498495428641
0
0.04850010489994370170378646
0
0.01914253047676742473983764
0
0.01208693447966770463408513
0
0.002963609886022351854367808
0
0.001599475953572778360059698