0 : 7
0
0.6388330365855579884184796
0
-0.2191981880174845445728843
0
0.1403496120824455775478748
0
-0.5187653870139258358593355

1 : 7
0
0.3923581762928239700105738
0
-0.5868419632291055151422234
0
-0.1293853825927299678551922
0
-0.5758228660009901508478433


2 : 27
0
0.5013011908513590827753181
0
-0.3341116671936302879461937
0
-0.002158790671128755397708819
0
-0.1831599195885324646849246
0
-0.03776470941342320960692255
0
-0.1128827345004433803382505
0
-0.0320584991157352808795087
0
-0.06296307578640661756611522
0
-0.01828534703059851001168142
0
-0.02937042901268102081535772
0
-0.007303189187738894190521005
0
-0.01049462089948135019990704
0
-0.001692994698131948680406809
0
-0.002376382803309807098092632
